# Fix print output for fix def1
-6.9965237610989e-16 -0.00636218922203723 0.000219227738979167 0.00202694179087534
0.000999999999999289 0.0607448278284457 -0.000581831139480729 0.0195161329424707
0.00199999999999928 0.0894214022452398 -0.0112612517951943 -0.0253072503724956
0.00299999999999926 0.192781985802739 -0.0107680047023568 0.0156143121699249
0.00399999999999925 0.258536118136271 -0.0278944998027233 0.0267097318076944
0.00499999999999924 0.312259066025262 0.00184113965907667 0.0267986680145852
0.00599999999999923 0.362100658074778 -0.0025693440243937 -0.0105086743021497
0.00699999999999922 0.47225232629256 0.0348810470549639 -0.00653343165881664
0.00799999999999921 0.483393706866753 -0.020382987607447 -0.0408576352608429
0.00899999999999919 0.583291892218319 0.00948607725037472 0.0403434928442191
0.00999999999999918 0.635584789410759 -0.031610819456399 -0.0169282990439523
0.0109999999999992 0.740017321574556 0.0315094014341776 0.00429200649952423
0.0119999999999992 0.766705165526025 0.0147961379915593 -0.0171220579966462
0.0129999999999991 0.828057042629867 -0.0418849723432343 0.0283336933656538
0.0139999999999991 0.896011272668427 0.0088761761845978 0.0432401765356691
0.0149999999999991 0.943907492933586 -0.0110261687601999 -0.0333535087387366
0.0159999999999991 1.03425046680507 0.0674958919080265 0.0177252518771414
0.0169999999999993 1.02940069178093 -0.0254948023421389 -0.0333407728057686
0.0179999999999994 1.16690271017651 0.0084885272561193 0.045004592030461
0.0189999999999994 1.21368618501978 -0.00298610539786515 0.0142066565326182
0.0199999999999994 1.26482570955592 -0.0153697517744023 -0.0274837005139514
0.0209999999999994 1.35692046726805 0.0516413046177764 0.0272200695476895
0.0219999999999994 1.36326167407413 -0.0472114026870647 -0.018632533153056
0.0229999999999994 1.47950956577762 0.0193966375644931 0.0201504720175988
0.0239999999999994 1.50807977721416 -0.0400443914356112 -0.0304059112180785
0.0249999999999994 1.61345927739629 0.0364635697257872 0.00650662496936612
0.0259999999999993 1.65207021680479 0.0290558202689552 -0.0287900447094124
0.0269999999999993 1.70198819422915 -0.0138745456189814 -0.0131838803146473
0.0279999999999993 1.78338419113118 0.038192118116242 0.0195050369683894
0.0289999999999993 1.80226974342651 -0.0451737305561502 -0.0365730270158448
0.0299999999999993 1.94461116386633 0.0333301396567735 0.0536558649230165
0.0309999999999993 1.94107738863633 -0.0362568736042748 -0.0318965643209553
0.0319999999999993 2.03599100769961 0.0184073261068881 0.0134167471820995
0.0329999999999993 2.09007322386113 0.00850218118429453 -0.0212818801310307
0.0339999999999993 2.14641424190402 -0.0401354539218556 -0.0249276166434579
0.0349999999999992 2.24582057040727 0.0478215701364975 0.00928326500774249
0.0359999999999992 2.25523535928287 -0.013514059134722 -0.0575897019185997
0.0369999999999992 2.37315538462152 0.0224745937809283 0.00586598541422758
0.0379999999999992 2.38970102466229 0.00810011916504274 -0.00743685168504047
0.0389999999999992 2.46116210728232 -0.0262039774891623 0.0171618449856602
0.0399999999999992 2.52485392859811 0.0156394311992236 -0.00578598988199752
0.0409999999999992 2.5238075278016 -0.0430282428349387 -0.0210451854511057
0.0419999999999992 2.66135366774322 0.0499713443581506 0.0335917970134217
0.0429999999999991 2.68059448475773 -0.0254402162842481 -0.0472364882092764
0.0439999999999991 2.72701046993827 -0.0272860663771252 0.0190445467500724
0.0449999999999991 2.82159003536136 0.0262543833528155 0.0364258159269375
0.0459999999999991 2.85242001506636 -0.0329418941774718 -0.0263544014293464
0.0469999999999991 2.95556462201471 0.0464215613733557 0.0165477441824515
0.0479999999999991 2.98005598214505 -0.0297126450868222 -0.0221160152525026
0.0489999999999993 3.04938544031595 0.0096851577016801 0.0471849095152695
0.0499999999999992 3.13661096848759 0.00374737550672473 0.0210042191105903
0.0509999999999994 3.16562618915272 0.0296907117367783 0.000174559258507981
0.0519999999999994 3.19847965659414 0.0199626386331846 -0.0397791904632714
0.0529999999999994 3.28320264331341 0.0072234412453971 -0.0166951141407688
0.0539999999999994 3.35102593255886 -0.00623802767993174 0.00670168932272818
0.0549999999999994 3.41113538421809 -0.0119001662089347 0.0207977794105748
0.0559999999999993 3.46534180582181 0.0220948670397473 -0.00475471760400749
0.0569999999999993 3.53467013264336 0.0270615772569865 -0.0373005442921492
0.0579999999999993 3.56607962772547 0.0207357748981255 0.0222242609609107
0.0589999999999993 3.63369142711145 -0.0258394141133388 0.000880188105377027
0.0599999999999993 3.68747066032357 0.00277586731694383 0.0189402179998314
0.0609999999999993 3.73445898031914 0.00985227928374481 0.00957070802288606
0.0619999999999993 3.78452829850452 0.00383176347770633 -0.0195669234883818
0.0629999999999993 3.89849558907306 0.026480059612839 0.0131933824040637
0.0639999999999993 3.92492550129683 -0.0105524795200065 -0.0128757432007498
0.0649999999999992 3.97708822833829 -0.0155997960822938 0.0429378749399692
0.0659999999999992 4.0311757845148 -0.0236757055274356 -0.0324894922365228
0.0669999999999992 4.06731255030667 0.0291940532088449 0.00271056492437233
0.0679999999999992 4.13851356083939 0.0177366147283741 -0.0139335134775697
0.0689999999999992 4.19598291496346 0.0226137067951982 0.012404619999443
0.0699999999999992 4.25428099515639 0.00118420746795564 -0.000956181902889957
0.0709999999999992 4.32047931131341 -0.0208262750494697 0.0461207269893813
0.0719999999999992 4.34589702984196 -0.0268867326433978 -0.0364414534486997
0.0729999999999991 4.39846908392587 0.0214791654739586 -0.00333772314921469
0.0739999999999991 4.47877557674299 -0.0127908626949233 -0.0212998674969878
0.0749999999999991 4.53095792735213 -0.0227200698357985 0.0439613561288751
0.0759999999999991 4.60628145881585 0.0242903105056029 0.0166607941008534
0.0769999999999991 4.64139740239171 0.0224097737603666 -0.0268906702665972
0.0779999999999991 4.69269235793776 -0.00771233607055367 -0.00612597452852212
0.0789999999999991 4.7457424357142 0.047479987517517 0.00708155702538525
0.0799999999999992 4.78689314931922 -0.0185955526035229 0.0184826120007479
0.0809999999999992 4.858622592382 -0.0241056893819163 0.0300365004379345
0.0819999999999992 4.92932067263285 0.0385085121593855 -0.0223712648105965
0.0829999999999992 4.98149796653572 -0.00115091797411109 -0.0177395370479285
0.0839999999999994 5.03080811451825 0.0417751544468553 0.0600159882423734
0.0849999999999994 5.05782571902979 -0.0586595443440973 -0.0277720948860205
0.0859999999999993 5.15892577292937 0.0199356849028023 0.0164661931366207
0.0869999999999993 5.17158592058843 -0.0131236786506193 -0.0653464478635869
0.0879999999999993 5.21430401963968 0.0460811993379212 -0.0126437660388489
0.0889999999999993 5.27318438351847 0.0105980627854964 -0.00998248714271279
0.0899999999999993 5.39160929040366 0.0163440957589365 0.0606222126030002
0.0909999999999993 5.42032779433909 0.0345231755462924 -0.00797360933236208
0.0919999999999993 5.4726048172209 0.00895171098952111 -9.2348130258245e-06
0.0929999999999993 5.51810710859856 0.0393083126509396 -0.00248616844223682
0.0939999999999993 5.53431637310338 -0.039770076994902 -0.0304600886684347
0.0949999999999992 5.65640712007275 0.0393800865385693 0.0461990772259089
0.0959999999999992 5.64562045457206 -0.0532278395955165 -0.0327192388988609
0.0969999999999992 5.77301857758371 0.0287234391609037 0.0312086485156159
0.0979999999999992 5.79339717115746 -0.0065289808159063 -0.0221509471157566
0.0989999999999992 5.87063922470597 0.00333418942234599 -0.0101702648166697
0.0999999999999992 5.92903709780312 0.0473620483728104 0.0207078106379349
0.100999999999999 5.91077693520632 -0.0666540538202327 -0.0277844716192881
0.101999999999999 5.98519378864567 0.0124546885661857 0.0142808560192836
0.102999999999999 6.08165556869094 -0.0170453107949515 -0.00789931202342641
0.103999999999999 6.1027042365752 -0.0153830348115296 0.0233077040592805
0.104999999999999 6.16545868305882 -0.0106296756261433 0.0343132903317042
0.105999999999999 6.21590237894801 0.00337212361075531 -0.0269432117529485
0.106999999999999 6.30642844161174 0.0308869107219996 0.00790136722295934
0.107999999999999 6.32618618629743 -0.0158459256778823 0.0150583800551452
0.108999999999999 6.35245406245031 -0.0385727586846718 -0.00801140085562689
0.109999999999999 6.43813049411244 0.0302469064027364 0.00623542110387754
0.110999999999999 6.46458133797243 0.0185804287984758 0.0207302451614287
0.111999999999999 6.55895423246964 -0.0123350365029526 -0.0159183905314057
0.112999999999999 6.57115999641842 0.0321990077116895 0.0242575743644339
0.113999999999999 6.59225445252675 -0.0748599727125749 -0.0237133237067738
0.114999999999999 6.68292062525961 0.039862515766487 0.0294104117006706
0.115999999999999 6.73294554926136 -0.0113112282127914 -0.0351875484547952
0.116999999999999 6.76670542094481 0.0226879863088656 -0.0146434045277358
0.117999999999999 6.88190531009375 0.0254636161588668 0.00412071805088191
0.118999999999999 6.84215061902272 -0.0349383506814265 -0.02620750288987
0.119999999999999 6.9468971744562 -0.00957108279616309 0.0518000443958393
0.120999999999999 6.92576974145932 -0.0140598652781651 0.00195836917792809
0.121999999999999 7.04766710092026 0.0146822980713997 0.0169733999302798
0.122999999999999 7.04018094530407 -0.00751445293643662 -0.0594346601387425
0.123999999999999 7.11036225011551 -0.00510696152741689 0.0191103845376082
0.124999999999999 7.14351193402827 0.00606469070465452 -0.00784991362661484
0.125999999999999 7.13103515197537 -0.0550822837047086 -0.0193501175973472
0.126999999999999 7.27665005832438 0.0466339061267293 0.0990162549052353
0.127999999999999 7.27184731689514 -0.0466952812772796 -0.105001617624717
0.128999999999999 7.34020427287278 0.0694894332312024 0.00664452363300907
0.129999999999999 7.38352216348251 -0.0335888773123729 -0.00136010979016248
0.130999999999999 7.40113539314102 -0.0404362979415271 0.0370978944273788
0.131999999999999 7.46312157677079 0.000200881841936191 0.0180738500335999
0.132999999999999 7.48254339554738 -0.00374315378758675 -0.0335136716349476
0.133999999999999 7.59814192144523 0.0394262735470416 0.0086762730163808
0.134999999999999 7.58230321144909 -0.0421162594924618 -0.00182343194438435
0.135999999999999 7.65282203148067 -0.0369549526242916 0.0527509295598052
0.136999999999999 7.67465644946515 -0.0335256911879642 -0.00747902343056225
0.137999999999999 7.67411042816552 0.0224513015964091 0.0237241839247537
0.138999999999999 7.67574101604844 -0.00835132204570502 -0.0594865513249004
0.139999999999999 7.81994003616555 0.0454214280510298 0.0406130220393788
0.140999999999999 7.77013478405477 -0.0371862770258246 -0.0540674083445811
0.141999999999999 7.82609991405189 0.037954129358344 0.0204830086044853
0.142999999999999 7.82803249644005 -0.0104003808671094 0.0204987623146529
0.143999999999999 7.83525677146782 -0.0400151302983564 -0.00332478910795527
0.144999999999999 7.91129468864062 0.0820623188891917 0.0715696856734884
0.145999999999999 7.8635487504953 -0.0276145251187857 -0.109769815312566
0.146999999999999 7.87230534515931 0.0558891049710182 0.0354795726779676
0.147999999999999 7.69500530027645 -0.0407097260875008 -0.0823485635977545
0.148999999999999 7.51648170252348 0.0130125298404148 0.0539539769022968
0.149999999999999 7.34727753388886 0.0430898648867264 -0.0336698208173093
0.150999999999999 6.91779531239324 -0.0279327219120129 -0.0583257206850996
0.151999999999999 6.56202692770069 0.0514121328585147 0.0623318217096141
0.152999999999999 6.07431181242523 -0.0340498507510286 -0.0551571334502738
0.153999999999999 5.49878884025892 0.0730335885584221 0.0759410798826957
0.154999999999999 4.90416533777071 -0.0735477461065303 -0.0575541959491506
0.155999999999999 4.51936755994657 0.0822777768959258 0.0634507569937415
0.156999999999999 4.2158334259734 -0.092521169521466 -0.0459002633590088
0.157999999999999 3.92147988806586 0.0948524869435955 -0.0189735124505711
0.158999999999999 3.68717536166298 -0.000924821028242807 0.0434605540907244
0.159999999999999 3.5020840602762 -0.123600554453966 -0.0357815588421597
0.160999999999999 3.45438526302989 0.0341834045313276 0.0510962813397459
0.161999999999999 3.26103124188096 -0.0232291815944458 -0.0575142366191572
0.162999999999999 3.23786332706094 -0.0585626419630084 0.0668215112096453
0.163999999999999 3.18364154911554 0.0496155580997743 0.0333338826451536
0.164999999999999 2.94677219427176 -0.0501344044399824 0.0173647618921587
0.165999999999999 2.88157083805053 0.00870621084676559 -0.0599044240157559
0.166999999999999 2.83771031395382 0.0862597364176851 0.0654443324834263
0.167999999999999 2.74958745623135 0.0287871284514963 -0.121623031797705
0.168999999999999 2.6665069229491 0.105612036801985 0.00934497808634086
0.169999999999999 2.59681656756896 0.00584082821755192 0.0171192963543766
0.170999999999999 2.45161634824164 -0.0403956226411097 0.0474698079804748
0.171999999999999 2.4684470533062 0.0375026963275084 -0.0313976667196328
0.172999999999999 2.36325222698683 0.0396025841808871 0.0321919958319558
0.173999999999999 2.25959247805573 0.0386943109424502 -0.0254173002807528
0.174999999999999 2.13944453020736 0.01855216344712 0.0674680073250466
0.175999999999999 1.89626359605993 -0.0941185856308936 -0.104614556674169
0.176999999999999 1.86280549518627 -0.0104892955982235 0.0555749108431694
0.177999999999999 1.58889211360969 -0.0828442242445412 0.0523848109739944
0.178999999999999 1.52905020506808 0.00868765570511664 -0.0390195304545461
0.179999999999999 1.55717638161132 0.102191647366095 -0.0372286620391667
0.180999999999999 1.44556075574837 -0.018251942619603 -0.0327443880757076
0.181999999999999 1.55698412980196 0.0161320235074359 0.0371824280254401
0.182999999999999 1.62922034489287 -0.0788771617454686 0.0740657028448207
0.183999999999999 1.67085561067274 -0.00181764117500821 -0.00217056085227259
0.184999999999999 1.57644679382353 0.0235950377872782 0.0010699905725766
0.185999999999999 1.66783473444004 0.0545617090844162 -0.00611193039600635
0.186999999999999 1.5898261972376 0.0478306406226304 -0.0395330952982203
0.187999999999999 1.60802647568677 0.0146287018757268 0.0213879982685108
0.188999999999999 1.70174494187939 0.0471790945607618 0.0312870818386018
0.189999999999999 1.58119328149895 0.0335442986118755 -0.0348178482602694
0.190999999999999 1.46448320619572 0.0509343127761293 -0.0456086073206578
0.191999999999999 1.43349029634415 0.0486113981105302 -0.0373780657299299
0.192999999999999 1.42030281749086 -0.111236896736668 0.0273186830895268
0.193999999999999 1.43778411726107 0.00948823184818719 0.0695849380935653
0.194999999999999 1.3872534342967 0.0304427741764788 -0.0498392290198087
0.195999999999999 1.34646078344549 0.0352132738050971 0.0512332507903585
0.196999999999999 1.27625610287139 -0.0568422825647449 -0.0839492970034032
0.197999999999999 1.31970424476622 0.0105312533388574 0.040561632976847
0.198999999999999 1.19545525531037 -0.0555198558478196 -0.00066290849671951
0.199999999999999 1.15741039384385 -0.0106218569701991 0.0574656366338148
